-1.996	0.019968
-1.992	0.0398722
-1.988	0.0597126
-1.984	0.0794894
-1.98	0.0992027
-1.976	0.118853
-1.972	0.138439
-1.968	0.157963
-1.964	0.177424
-1.96	0.196821
-1.956	0.216157
-1.952	0.235429
-1.948	0.254639
-1.944	0.273787
-1.94	0.292872
-1.936	0.311896
-1.932	0.330857
-1.928	0.349757
-1.924	0.368595
-1.92	0.387371
-1.916	0.406086
-1.912	0.424739
-1.908	0.443332
-1.904	0.461863
-1.9	0.480334
-1.896	0.498743
-1.892	0.517092
-1.888	0.535381
-1.884	0.553609
-1.88	0.571776
-1.876	0.589884
-1.872	0.607931
-1.868	0.625919
-1.864	0.643847
-1.86	0.661715
-1.856	0.679524
-1.852	0.697273
-1.848	0.714963
-1.844	0.732594
-1.84	0.750166
-1.836	0.767679
-1.832	0.785133
-1.828	0.802529
-1.824	0.819866
-1.82	0.837144
-1.816	0.854365
-1.812	0.871527
-1.808	0.888632
-1.804	0.905678
-1.8	0.922667
-1.796	0.939598
-1.792	0.956472
-1.788	0.973289
-1.784	0.990048
-1.78	1.00675
-1.776	1.0234
-1.772	1.03998
-1.768	1.05652
-1.764	1.07299
-1.76	1.08941
-1.756	1.10577
-1.752	1.12208
-1.748	1.13833
-1.744	1.15452
-1.74	1.17066
-1.736	1.18674
-1.732	1.20277
-1.728	1.21874
-1.724	1.23466
-1.72	1.25052
-1.716	1.26632
-1.712	1.28208
-1.708	1.29777
-1.704	1.31341
-1.7	1.329
-1.696	1.34453
-1.692	1.36001
-1.688	1.37544
-1.684	1.39081
-1.68	1.40612
-1.676	1.42139
-1.672	1.4366
-1.668	1.45175
-1.664	1.46685
-1.66	1.4819
-1.656	1.4969
-1.652	1.51184
-1.648	1.52673
-1.644	1.54157
-1.64	1.55635
-1.636	1.57109
-1.632	1.58576
-1.628	1.60039
-1.624	1.61497
-1.62	1.62949
-1.616	1.64396
-1.612	1.65838
-1.608	1.67275
-1.604	1.68707
-1.6	1.70133
-1.596	1.71555
-1.592	1.72971
-1.588	1.74382
-1.584	1.75789
-1.58	1.7719
-1.576	1.78586
-1.572	1.79977
-1.568	1.81363
-1.564	1.82744
-1.56	1.8412
-1.556	1.85491
-1.552	1.86856
-1.548	1.88218
-1.544	1.89574
-1.54	1.90925
-1.536	1.92271
-1.532	1.93612
-1.528	1.94948
-1.524	1.9628
-1.52	1.97607
-1.516	1.98928
-1.512	2.00245
-1.508	2.01557
-1.504	2.02864
-1.5	2.04167
-1.496	2.05464
-1.492	2.06757
-1.488	2.08045
-1.484	2.09329
-1.48	2.10607
-1.476	2.11881
-1.472	2.1315
-1.468	2.14414
-1.464	2.15674
-1.46	2.16929
-1.456	2.18179
-1.452	2.19425
-1.448	2.20666
-1.444	2.21902
-1.44	2.23134
-1.436	2.24361
-1.432	2.25584
-1.428	2.26802
-1.424	2.28015
-1.42	2.29224
-1.416	2.30428
-1.412	2.31628
-1.408	2.32823
-1.404	2.34014
-1.4	2.352
-1.396	2.36382
-1.392	2.37559
-1.388	2.38732
-1.384	2.399
-1.38	2.41064
-1.376	2.42224
-1.372	2.43379
-1.368	2.4453
-1.364	2.45676
-1.36	2.46818
-1.356	2.47956
-1.352	2.49089
-1.348	2.50218
-1.344	2.51343
-1.34	2.52463
-1.336	2.53579
-1.332	2.54691
-1.328	2.55799
-1.324	2.56902
-1.32	2.58001
-1.316	2.59096
-1.312	2.60187
-1.308	2.61273
-1.304	2.62355
-1.3	2.63434
-1.296	2.64507
-1.292	2.65577
-1.288	2.66643
-1.284	2.67704
-1.28	2.68762
-1.276	2.69815
-1.272	2.70864
-1.268	2.7191
-1.264	2.72951
-1.26	2.73988
-1.256	2.75021
-1.252	2.7605
-1.248	2.77075
-1.244	2.78096
-1.24	2.79113
-1.236	2.80126
-1.232	2.81135
-1.228	2.8214
-1.224	2.83141
-1.22	2.84139
-1.216	2.85132
-1.212	2.86122
-1.208	2.87107
-1.204	2.88089
-1.2	2.89067
-1.196	2.90041
-1.192	2.91011
-1.188	2.91978
-1.184	2.9294
-1.18	2.93899
-1.176	2.94854
-1.172	2.95806
-1.168	2.96753
-1.164	2.97697
-1.16	2.98637
-1.156	2.99573
-1.152	3.00506
-1.148	3.01435
-1.144	3.0236
-1.14	3.03282
-1.136	3.042
-1.132	3.05114
-1.128	3.06025
-1.124	3.06932
-1.12	3.07836
-1.116	3.08736
-1.112	3.09632
-1.108	3.10525
-1.104	3.11414
-1.1	3.123
-1.096	3.13182
-1.092	3.14061
-1.088	3.14936
-1.084	3.15808
-1.08	3.16677
-1.076	3.17541
-1.072	3.18403
-1.068	3.19261
-1.064	3.20115
-1.06	3.20966
-1.056	3.21814
-1.052	3.22658
-1.048	3.235
-1.044	3.24337
-1.04	3.25171
-1.036	3.26002
-1.032	3.2683
-1.028	3.27654
-1.024	3.28476
-1.02	3.29293
-1.016	3.30108
-1.012	3.30919
-1.008	3.31727
-1.004	3.32532
-1	3.33334
-0.996	3.34132
-0.992	3.34927
-0.988	3.35719
-0.984	3.36508
-0.98	3.37294
-0.976	3.38076
-0.972	3.38856
-0.968	3.39632
-0.964	3.40406
-0.96	3.41176
-0.956	3.41943
-0.952	3.42707
-0.948	3.43468
-0.944	3.44226
-0.94	3.44981
-0.936	3.45733
-0.932	3.46482
-0.928	3.47228
-0.924	3.47971
-0.92	3.48711
-0.916	3.49448
-0.912	3.50182
-0.908	3.50913
-0.904	3.51642
-0.9	3.52367
-0.896	3.5309
-0.892	3.53809
-0.888	3.54526
-0.884	3.5524
-0.88	3.55951
-0.876	3.5666
-0.872	3.57365
-0.868	3.58068
-0.864	3.58768
-0.86	3.59465
-0.856	3.6016
-0.852	3.60851
-0.848	3.6154
-0.844	3.62227
-0.84	3.6291
-0.836	3.63591
-0.832	3.64269
-0.828	3.64945
-0.824	3.65618
-0.82	3.66288
-0.816	3.66956
-0.812	3.67621
-0.808	3.68283
-0.804	3.68943
-0.8	3.696
-0.796	3.70255
-0.792	3.70907
-0.788	3.71557
-0.784	3.72204
-0.78	3.72849
-0.776	3.73491
-0.772	3.7413
-0.768	3.74768
-0.764	3.75402
-0.76	3.76034
-0.756	3.76664
-0.752	3.77292
-0.748	3.77917
-0.744	3.78539
-0.74	3.7916
-0.736	3.79777
-0.732	3.80393
-0.728	3.81006
-0.724	3.81617
-0.72	3.82225
-0.716	3.82832
-0.712	3.83436
-0.708	3.84037
-0.704	3.84637
-0.7	3.85234
-0.696	3.85829
-0.692	3.86421
-0.688	3.87012
-0.684	3.876
-0.68	3.88186
-0.676	3.8877
-0.672	3.89352
-0.668	3.89931
-0.664	3.90509
-0.66	3.91084
-0.656	3.91657
-0.652	3.92228
-0.648	3.92797
-0.644	3.93364
-0.64	3.93929
-0.636	3.94492
-0.632	3.95052
-0.628	3.95611
-0.624	3.96168
-0.62	3.96723
-0.616	3.97276
-0.612	3.97826
-0.608	3.98375
-0.604	3.98922
-0.6	3.99467
-0.596	4.0001
-0.592	4.00551
-0.588	4.0109
-0.584	4.01628
-0.58	4.02163
-0.576	4.02697
-0.572	4.03229
-0.568	4.03759
-0.564	4.04287
-0.56	4.04813
-0.556	4.05338
-0.552	4.0586
-0.548	4.06382
-0.544	4.06901
-0.54	4.07418
-0.536	4.07934
-0.532	4.08448
-0.528	4.0896
-0.524	4.09471
-0.52	4.0998
-0.516	4.10487
-0.512	4.10993
-0.508	4.11497
-0.504	4.12
-0.5	4.125
-0.496	4.13
-0.492	4.13497
-0.488	4.13993
-0.484	4.14488
-0.48	4.14981
-0.476	4.15472
-0.472	4.15962
-0.468	4.1645
-0.464	4.16937
-0.46	4.17423
-0.456	4.17906
-0.452	4.18389
-0.448	4.1887
-0.444	4.19349
-0.44	4.19828
-0.436	4.20304
-0.432	4.2078
-0.428	4.21254
-0.424	4.21726
-0.42	4.22197
-0.416	4.22667
-0.412	4.23136
-0.408	4.23603
-0.404	4.24069
-0.4	4.24534
-0.396	4.24997
-0.392	4.25459
-0.388	4.2592
-0.384	4.2638
-0.38	4.26838
-0.376	4.27295
-0.372	4.27751
-0.368	4.28206
-0.364	4.28659
-0.36	4.29112
-0.356	4.29563
-0.352	4.30013
-0.348	4.30462
-0.344	4.3091
-0.34	4.31357
-0.336	4.31803
-0.332	4.32247
-0.328	4.32691
-0.324	4.33133
-0.32	4.33575
-0.316	4.34015
-0.312	4.34455
-0.308	4.34893
-0.304	4.35331
-0.3	4.35767
-0.296	4.36203
-0.292	4.36637
-0.288	4.37071
-0.284	4.37504
-0.28	4.37935
-0.276	4.38366
-0.272	4.38796
-0.268	4.39226
-0.264	4.39654
-0.26	4.40081
-0.256	4.40508
-0.252	4.40934
-0.248	4.41359
-0.244	4.41783
-0.24	4.42206
-0.236	4.42629
-0.232	4.43051
-0.228	4.43472
-0.224	4.43892
-0.22	4.44312
-0.216	4.44731
-0.212	4.4515
-0.208	4.45567
-0.204	4.45984
-0.2	4.464
-0.196	4.46816
-0.192	4.47231
-0.188	4.47646
-0.184	4.4806
-0.18	4.48473
-0.176	4.48885
-0.172	4.49298
-0.168	4.49709
-0.164	4.5012
-0.16	4.50531
-0.156	4.50941
-0.152	4.5135
-0.148	4.51759
-0.144	4.52168
-0.14	4.52576
-0.136	4.52983
-0.132	4.5339
-0.128	4.53797
-0.124	4.54204
-0.12	4.5461
-0.116	4.55015
-0.112	4.5542
-0.108	4.55825
-0.104	4.5623
-0.1	4.56634
-0.096	4.57038
-0.092	4.57441
-0.088	4.57844
-0.084	4.58247
-0.08	4.5865
-0.076	4.59053
-0.072	4.59455
-0.068	4.59857
-0.064	4.60258
-0.06	4.6066
-0.056	4.61061
-0.052	4.61462
-0.048	4.61864
-0.044	4.62264
-0.04	4.62665
-0.036	4.63066
-0.032	4.63466
-0.028	4.63866
-0.024	4.64267
-0.02	4.64667
-0.016	4.65067
-0.012	4.65467
-0.008	4.65867
-0.004	4.66267
-3.46945e-18	4.66667
0.004	4.67067
0.008	4.67467
0.012	4.67867
0.016	4.68267
0.02	4.68667
0.024	4.69068
0.028	4.69468
0.032	4.69868
0.036	4.70269
0.04	4.70669
0.044	4.7107
0.048	4.71471
0.052	4.71872
0.056	4.72273
0.06	4.72674
0.064	4.73076
0.068	4.73478
0.072	4.7388
0.076	4.74282
0.08	4.74684
0.084	4.75087
0.088	4.7549
0.092	4.75893
0.096	4.76297
0.1	4.76701
0.104	4.77105
0.108	4.77509
0.112	4.77914
0.116	4.78319
0.12	4.78725
0.124	4.79131
0.128	4.79537
0.132	4.79944
0.136	4.80351
0.14	4.80759
0.144	4.81167
0.148	4.81575
0.152	4.81984
0.156	4.82394
0.16	4.82804
0.164	4.83214
0.168	4.83625
0.172	4.84037
0.176	4.84449
0.18	4.84862
0.184	4.85275
0.188	4.85689
0.192	4.86103
0.196	4.86518
0.2	4.86934
0.204	4.8735
0.208	4.87767
0.212	4.88185
0.216	4.88603
0.22	4.89022
0.224	4.89442
0.228	4.89862
0.232	4.90284
0.236	4.90705
0.24	4.91128
0.244	4.91551
0.248	4.91976
0.252	4.92401
0.256	4.92827
0.26	4.93253
0.264	4.93681
0.268	4.94109
0.272	4.94538
0.276	4.94968
0.28	4.95399
0.284	4.95831
0.288	4.96264
0.292	4.96697
0.296	4.97132
0.3	4.97567
0.304	4.98004
0.308	4.98441
0.312	4.9888
0.316	4.99319
0.32	4.9976
0.324	5.00201
0.328	5.00644
0.332	5.01087
0.336	5.01532
0.34	5.01977
0.344	5.02424
0.348	5.02872
0.352	5.03321
0.356	5.03771
0.36	5.04222
0.364	5.04675
0.368	5.05128
0.372	5.05583
0.376	5.06039
0.38	5.06496
0.384	5.06955
0.388	5.07414
0.392	5.07875
0.396	5.08337
0.4	5.08801
0.404	5.09265
0.408	5.09731
0.412	5.10198
0.416	5.10667
0.42	5.11137
0.424	5.11608
0.428	5.12081
0.432	5.12555
0.436	5.1303
0.44	5.13507
0.444	5.13985
0.448	5.14464
0.452	5.14946
0.456	5.15428
0.46	5.15912
0.464	5.16397
0.468	5.16884
0.472	5.17372
0.476	5.17862
0.48	5.18354
0.484	5.18847
0.488	5.19341
0.492	5.19837
0.496	5.20335
0.5	5.20834
0.504	5.21335
0.508	5.21837
0.512	5.22341
0.516	5.22847
0.52	5.23354
0.524	5.23863
0.528	5.24374
0.532	5.24886
0.536	5.254
0.54	5.25916
0.544	5.26434
0.548	5.26953
0.552	5.27474
0.556	5.27997
0.56	5.28521
0.564	5.29048
0.568	5.29576
0.572	5.30106
0.576	5.30637
0.58	5.31171
0.584	5.31707
0.588	5.32244
0.592	5.32783
0.596	5.33324
0.6	5.33867
0.604	5.34412
0.608	5.34959
0.612	5.35508
0.616	5.36059
0.62	5.36612
0.624	5.37166
0.628	5.37723
0.632	5.38282
0.636	5.38843
0.64	5.39406
0.644	5.3997
0.648	5.40537
0.652	5.41106
0.656	5.41677
0.66	5.42251
0.664	5.42826
0.668	5.43403
0.672	5.43983
0.676	5.44565
0.68	5.45148
0.684	5.45734
0.688	5.46323
0.692	5.46913
0.696	5.47506
0.7	5.48101
0.704	5.48698
0.708	5.49297
0.712	5.49899
0.716	5.50503
0.72	5.51109
0.724	5.51718
0.728	5.52328
0.732	5.52942
0.736	5.53557
0.74	5.54175
0.744	5.54795
0.748	5.55418
0.752	5.56043
0.756	5.5667
0.76	5.573
0.764	5.57932
0.768	5.58567
0.772	5.59204
0.776	5.59844
0.78	5.60486
0.784	5.6113
0.788	5.61778
0.792	5.62427
0.796	5.63079
0.8	5.63734
0.804	5.64391
0.808	5.65051
0.812	5.65714
0.816	5.66379
0.82	5.67046
0.824	5.67717
0.828	5.6839
0.832	5.69065
0.836	5.69743
0.84	5.70424
0.844	5.71108
0.848	5.71794
0.852	5.72483
0.856	5.73175
0.86	5.73869
0.864	5.74567
0.868	5.75266
0.872	5.75969
0.876	5.76675
0.88	5.77383
0.884	5.78094
0.888	5.78808
0.892	5.79525
0.896	5.80245
0.9	5.80967
0.904	5.81693
0.908	5.82421
0.912	5.83152
0.916	5.83887
0.92	5.84624
0.924	5.85364
0.928	5.86107
0.932	5.86853
0.936	5.87602
0.94	5.88354
0.944	5.89109
0.948	5.89866
0.952	5.90628
0.956	5.91392
0.96	5.92159
0.964	5.92929
0.968	5.93702
0.972	5.94478
0.976	5.95258
0.98	5.96041
0.984	5.96826
0.988	5.97615
0.992	5.98407
0.996	5.99202
1	6.00001
1.004	6.00802
1.008	6.01607
1.012	6.02415
1.016	6.03227
1.02	6.04041
1.024	6.04859
1.028	6.0568
1.032	6.06504
1.036	6.07332
1.04	6.08163
1.044	6.08997
1.048	6.09835
1.052	6.10676
1.056	6.1152
1.06	6.12368
1.064	6.13219
1.068	6.14074
1.072	6.14932
1.076	6.15793
1.08	6.16658
1.084	6.17526
1.088	6.18398
1.092	6.19273
1.096	6.20152
1.1	6.21034
1.104	6.2192
1.108	6.22809
1.112	6.23702
1.116	6.24598
1.12	6.25498
1.124	6.26402
1.128	6.27309
1.132	6.2822
1.136	6.29134
1.14	6.30052
1.144	6.30974
1.148	6.31899
1.152	6.32828
1.156	6.33761
1.16	6.34697
1.164	6.35637
1.168	6.36581
1.172	6.37529
1.176	6.3848
1.18	6.39435
1.184	6.40394
1.188	6.41357
1.192	6.42323
1.196	6.43293
1.2	6.44268
1.204	6.45245
1.208	6.46227
1.212	6.47213
1.216	6.48202
1.22	6.49196
1.224	6.50193
1.228	6.51194
1.232	6.522
1.236	6.53209
1.24	6.54222
1.244	6.55239
1.248	6.5626
1.252	6.57285
1.256	6.58314
1.26	6.59347
1.264	6.60384
1.268	6.61425
1.272	6.6247
1.276	6.63519
1.28	6.64573
1.284	6.6563
1.288	6.66692
1.292	6.67757
1.296	6.68827
1.3	6.69901
1.304	6.70979
1.308	6.72061
1.312	6.73148
1.316	6.74238
1.32	6.75333
1.324	6.76432
1.328	6.77536
1.332	6.78643
1.336	6.79755
1.34	6.80871
1.344	6.81991
1.348	6.83116
1.352	6.84245
1.356	6.85378
1.36	6.86516
1.364	6.87658
1.368	6.88804
1.372	6.89955
1.376	6.9111
1.38	6.9227
1.384	6.93434
1.388	6.94602
1.392	6.95775
1.396	6.96952
1.4	6.98134
1.404	6.9932
1.408	7.00511
1.412	7.01706
1.416	7.02906
1.42	7.04111
1.424	7.05319
1.428	7.06533
1.432	7.07751
1.436	7.08973
1.44	7.102
1.444	7.11432
1.448	7.12668
1.452	7.1391
1.456	7.15155
1.46	7.16405
1.464	7.1766
1.468	7.1892
1.472	7.20184
1.476	7.21454
1.48	7.22727
1.484	7.24006
1.488	7.25289
1.492	7.26577
1.496	7.2787
1.5	7.29168
1.504	7.3047
1.508	7.31777
1.512	7.33089
1.516	7.34406
1.52	7.35728
1.524	7.37054
1.528	7.38386
1.532	7.39722
1.536	7.41064
1.54	7.4241
1.544	7.43761
1.548	7.45117
1.552	7.46478
1.556	7.47844
1.56	7.49215
1.564	7.50591
1.568	7.51972
1.572	7.53358
1.576	7.54749
1.58	7.56145
1.584	7.57546
1.588	7.58952
1.592	7.60363
1.596	7.6178
1.6	7.63201
1.604	7.64628
1.608	7.66059
1.612	7.67496
1.616	7.68938
1.62	7.70385
1.624	7.71838
1.628	7.73295
1.632	7.74758
1.636	7.76226
1.64	7.77699
1.644	7.79178
1.648	7.80661
1.652	7.8215
1.656	7.83645
1.66	7.85144
1.664	7.86649
1.668	7.88159
1.672	7.89675
1.676	7.91196
1.68	7.92722
1.684	7.94254
1.688	7.95791
1.692	7.97333
1.696	7.98881
1.7	8.00434
1.704	8.01993
1.708	8.03557
1.712	8.05127
1.716	8.06702
1.72	8.08283
1.724	8.09869
1.728	8.1146
1.732	8.13058
1.736	8.1466
1.74	8.16268
1.744	8.17882
1.748	8.19502
1.752	8.21127
1.756	8.22757
1.76	8.24394
1.764	8.26035
1.768	8.27683
1.772	8.29336
1.776	8.30995
1.78	8.32659
1.784	8.3433
1.788	8.36006
1.792	8.37687
1.796	8.39375
1.8	8.41068
1.804	8.42767
1.808	8.44471
1.812	8.46182
1.816	8.47898
1.82	8.4962
1.824	8.51348
1.828	8.53082
1.832	8.54821
1.836	8.56567
1.84	8.58318
1.844	8.60075
1.848	8.61838
1.852	8.63607
1.856	8.65382
1.86	8.67163
1.864	8.6895
1.868	8.70742
1.872	8.72541
1.876	8.74346
1.88	8.76157
1.884	8.77974
1.888	8.79796
1.892	8.81625
1.896	8.8346
1.9	8.85301
1.904	8.87148
1.908	8.89001
1.912	8.9086
1.916	8.92726
1.92	8.94597
1.924	8.96475
1.928	8.98359
1.932	9.00249
1.936	9.02145
1.94	9.04047
1.944	9.05956
1.948	9.0787
1.952	9.09792
1.956	9.11719
1.96	9.13652
1.964	9.15592
1.968	9.17538
1.972	9.1949
1.976	9.21449
1.98	9.23414
1.984	9.25385
1.988	9.27363
1.992	9.29347
1.996	9.31338
2	9.33334
